11892.0419	1
11894.34	1
11908.444	1
11919.1475	1
11929.9051	1
11944.0215	1
11981.3636	1
11988.6929	1
11993.1916	1
11993.2368	1
12321.533	1
12323.199	1
12323.2086	1
12329.4941	1
12330.5826	1
12330.6303	1
12331.1221	1
12331.1482	1
12331.1746	1
12333.3724	1
12333.993	1
12336.7896	1
12337.8862	1
12339.1145	1
12344.1156	1
12344.1595	1
12344.6805	1
12345.8923	1
12348.0871	1
12348.6308	1
12352.0487	1
12354.8875	1
12356.6276	1
12357.1832	1
12357.7625	1
12360.581	1
12361.1346	1
12366.7641	1
12367.9087	1
12368.4325	1
12370.1239	1
12371.3045	1
12373.0142	1
12374.0776	1
12376.3358	1
12379.779	1
12381.4759	1
12383.7547	1
12388.2767	1
12392.7593	1
12393.3643	1
12402.3331	1
12407.4679	1
12424.3505	1
12442.4566	1
12462.7821	1
12463.3528	1
12469.5736	1
12480.3707	1
12508.5794	1
12510.882	1
26704.5112	1
26734.3979	1
27182.9249	1
27188.7663	1
27194.8322	1
27201.6545	1
27222.9694	1
27247.0934	1
27309.2018	1
27316.4522	1
27334.683	1
27338.0889	1
27339.4346	1
27350.6424	1
27355.8226	1
27381.822	1
27461.5185	1
27477.053	1
27535.79	1
27539.1968	1
27540.3579	1
27551.0069	1
27551.3899	1
27558.8346	1
27559.4689	1
27579.5288	1
27580.1477	1
27580.4392	1
27582.1171	1
27591.5918	1
27599.6423	1
27601.307	1
27603.0001	1
27608.129	1
27610.9753	1
27611.8927	1
27612.1179	1
27614.5734	1
27616.3915	1
27621.3474	1
27622.9653	1
27623.3044	1
27626.3729	1
27626.968	1
27627.3194	1
27629.0036	1
27633.1904	1
27634.1645	1
27634.6474	1
27636.5047	1
27637.1922	1
27639.8459	1
27642.0304	1
27642.1062	1
27644.3254	1
27648.784	1
27649.7646	1
27650.5977	1
27651.0123	1
27653.6944	1
27654.9131	1
39782012	1
39786072	1
39792686	1
39803489	1
39808348	1
39810813	1
39814160	1
39816343	1
39819240	1
39826799	1
39829819	1
39835420	1
39840528	1
39842954	1
39845549	1
39845578	1
39849040	1
39861613	1
39869837	1
39870062	1
39870089	1
39870494	1
39871403	1
39879815	1
39886296	1
39886914	1
39886944	1
39888414	1
39888426	1
39890792	1
39896032	1
39901573	1
39902391	1
39904605	1
39905637	1
39905859	1
39906344	1
39907204	1
39907306	1
39908094	1
39908502	1
39908804	1
39909511	1
39910851	1
39912688	1
39913223	1
39913556	1
39914328	1
39915666	1
39916286	1
39916480	1
39919476	1
39923423	1
39928089	1
39929722	1
39932843	1
39933580	1
39934529	1
39936390	1
39937133	1
39937197	1
Hawaii,?HI	61
